91136
74523
92083
45
67330
76300
55
56
44801
22307
66
67
46091
24857
77
78
70402
85001
88
89
33282
46870
99
100
81165
2593
110
111
68613
36108
121
122
45057
49922
132
133
65794
24585
143
144
41998
3884
154
155
60682
5914
165
166
47107
50697
176
177
18968
34339
52
53
13064
42252
63
64
12294
60190
74
75
47885
86
85
66573
12804
70664
96
97
11022
59433
107
108
56834
67076
118
119
90632
7968
129
130
25100
46351
140
141
75786
14094
151
152
60417
68362
162
163
3342
51737
173
174
40708
8985
49
50
80384
8199
60
61
75267
37636
71
72
16387
50715
82
83
55563
4109
93
94
90112
69639
104
105
37634
78874
115
116
35858
73504
126
127
36370
4906
137
138
37632
16645
148
149
71689
84500
159
160
30212
20244
170
171
88582
87054
46
47
31502
29994
57
58
6918
37384
68
69
33546
74536
79
80
82694
40460
90
91
75526
20233
101
102
83211
69414
112
113
56331
90151
123
124
79624
74508
134
135
85511
71199
145
146
84759
22315
156
157
73488
53803
167
168
16386
67108
178
179
12297
76042
54
55
40206
46359
65
66
33560
46116
76
77
76053
91429
87
88
63499
53527
98
99
62214
10507
109
110
4108
58151
120
121
29959
76824
131
132
4103
74771
142
143
45572
29980
153
154
27157
57643
164
165
75011
73733
175
176
66314
12556
51
52
39433
59944
62
63
12544
64770
73
74
15365
75553
84
85
20999
86285
95
96
11521
76559
106
107
17925
72455
117
118
61185
47391
128
129
33810
45865
139
140
27402
28445
150
151
52481
62733
161
162
26373
41741
172
173
60673
1291
48
49
57088
34818
59
60
25873
45858
70
71
52993
27401
81
82
72710
59915
92
93
18946
80643
103
104
38920
51238
114
115
36363
28689
125
126
16925
83493
136
137
59649
32010
147
148
50179
159
158
60419
40718
49686
169
170
23836
29996
45
46
35080
50191
56
57
43018
77860
67
68
22017
51208
78
79
57349
52488
89
90
37654
40997
100
101
79880
57612
111
112
19214
63770
122
123
52736
60684
133
134
49411
86026
144
145
55558
90122
155
156
49667
6178
166
167
77825
79367
177
178
80145
36137
53
54
8715
67614
64
65
73220
30213
75
76
47104
55568
86
87
23808
25101
97
98
15363
75277
108
109
40713
17930
119
120
55300
43528
130
131
52750
29461
141
142
3072
6406
152
153
88834
89614
163
164
89607
65825
174
175
65797
51
50
43781
9224
68620
61
62
15879
18702
72
73
83721
65043
83
84
66564
49695
94
95
84235
88103
105
106
77060
63778
116
117
62723
7941
127
128
33539
31244
138
139
81947
18984
149
150
47616
26912
160
161
39696
35614
171
172
7181
8980
47
48
55307
78365
58
59
49669
21261
69
70
15620
48390
80
81
66055
275
91
92
57856
32806
102
103
81417
90659
113
114
5124
5638
124
125
26113
69916
135
136
78605
53292
146
147
63494
79113
157
158
31239
33578
168
169
