-4.471440983336957831e-02 4.670839813414731746e-310
-6.137584641519005374e-02 7.355356156502455587e+223
-7.513989924549982491e-02 1.460260422848388286e-319
-8.509068791003797372e-02 0.000000000000000000e+00
-9.049033879796586355e-02 0.000000000000000000e+00
-9.082742870986032502e-02 0.000000000000000000e+00
-8.585491306950737700e-02 4.670839813428170331e-310
-7.561511159430538143e-02 0.000000000000000000e+00
-6.044993214916278418e-02 0.000000000000000000e+00
-4.099523497650097575e-02 0.000000000000000000e+00
-1.815903971072704848e-02 0.000000000000000000e+00
6.915883215551911663e-03 0.000000000000000000e+00
3.290365968915405503e-02 0.000000000000000000e+00
5.835903219830801403e-02 0.000000000000000000e+00
8.179028885831921003e-02 0.000000000000000000e+00
1.017379652486048031e-01 0.000000000000000000e+00
1.168554717709037044e-01 0.000000000000000000e+00
1.259875731127619025e-01 0.000000000000000000e+00
1.282426216239011540e-01 0.000000000000000000e+00
1.230546291439636453e-01 0.000000000000000000e+00
1.102316477568268116e-01 0.000000000000000000e+00
8.998750435655974989e-02 0.000000000000000000e+00
6.295467219389834501e-02 0.000000000000000000e+00
3.017693134267657867e-02 0.000000000000000000e+00
-6.918571347552672501e-03 0.000000000000000000e+00
-4.656924969982097900e-02 0.000000000000000000e+00
-8.674338248557333930e-02 0.000000000000000000e+00
-1.252222412313636069e-01 0.000000000000000000e+00
-1.596946480788667966e-01 0.000000000000000000e+00
-1.878598761096446357e-01 0.000000000000000000e+00
-2.075342935074668271e-01 0.000000000000000000e+00
-2.167568534954233683e-01 0.000000000000000000e+00
-2.138884626674046052e-01 0.000000000000000000e+00
-1.977004285743236556e-01 0.000000000000000000e+00
-1.674475890765387553e-01 0.000000000000000000e+00
-1.229223453596812315e-01 0.000000000000000000e+00
-6.448663106767250908e-02 0.000000000000000000e+00
6.920184527594858657e-03 0.000000000000000000e+00
8.979838529899682176e-02 0.000000000000000000e+00
1.821297784047909984e-01 0.000000000000000000e+00
2.814429918963128885e-01 0.000000000000000000e+00
3.848997503605013915e-01 0.000000000000000000e+00
4.893986842111067714e-01 0.000000000000000000e+00
5.916923822607594863e-01 0.000000000000000000e+00
6.885127417997822796e-01 0.000000000000000000e+00
7.766992383060219440e-01 0.000000000000000000e+00
8.533245503135399312e-01 0.000000000000000000e+00
9.158120444048237774e-01 0.000000000000000000e+00
9.620399490447560931e-01 0.000000000000000000e+00
9.904276101130607968e-01 0.000000000000000000e+00
1.000000000000000000e+00 0.000000000000000000e+00
9.904276101130607968e-01 0.000000000000000000e+00
9.620399490447560931e-01 0.000000000000000000e+00
9.158120444048237774e-01 0.000000000000000000e+00
8.533245503135399312e-01 0.000000000000000000e+00
7.766992383060219440e-01 0.000000000000000000e+00
6.885127417997822796e-01 0.000000000000000000e+00
5.916923822607594863e-01 0.000000000000000000e+00
4.893986842111067714e-01 0.000000000000000000e+00
3.848997503605013915e-01 0.000000000000000000e+00
2.814429918963128885e-01 0.000000000000000000e+00
1.821297784047909984e-01 0.000000000000000000e+00
8.979838529899682176e-02 0.000000000000000000e+00
6.920184527594858657e-03 0.000000000000000000e+00
-6.448663106767250908e-02 0.000000000000000000e+00
-1.229223453596812315e-01 0.000000000000000000e+00
-1.674475890765387553e-01 0.000000000000000000e+00
-1.977004285743236556e-01 0.000000000000000000e+00
-2.138884626674046052e-01 0.000000000000000000e+00
-2.167568534954233683e-01 0.000000000000000000e+00
-2.075342935074668271e-01 4.242045474787187900e+175
-1.878598761096446357e-01 1.348799213146603066e-321
-1.596946480788667966e-01 4.360381896438582988e+251
-1.252222412313636069e-01 0.000000000000000000e+00
-8.674338248557333930e-02 0.000000000000000000e+00
-4.656924969982097900e-02 0.000000000000000000e+00
-6.918571347552672501e-03 0.000000000000000000e+00
3.017693134267657867e-02 0.000000000000000000e+00
6.295467219389834501e-02 0.000000000000000000e+00
8.998750435655974989e-02 0.000000000000000000e+00
1.102316477568268116e-01 0.000000000000000000e+00
1.230546291439636453e-01 0.000000000000000000e+00
1.282426216239011540e-01 0.000000000000000000e+00
1.259875731127619025e-01 0.000000000000000000e+00
1.168554717709037044e-01 0.000000000000000000e+00
1.017379652486048031e-01 6.908919756428282434e-310
8.179028885831921003e-02 1.976262583364986177e-323
5.835903219830801403e-02 4.609190992961405206e+228
3.290365968915405503e-02 3.383558576048902901e+214
6.915883215551911663e-03 4.670839813426589321e-310
-1.815903971072704848e-02 -nan
-4.099523497650097575e-02 4.179121534096140915e-109
-6.044993214916278418e-02 -nan
-7.561511159430538143e-02 0.000000000000000000e+00
-8.585491306950737700e-02 3.943584569689597133e+180
-9.082742870986032502e-02 1.996131326344123848e+161
-9.049033879796586355e-02 4.937838682747459365e+180
-8.509068791003797372e-02 1.441659266442954942e+246
-7.513989924549982491e-02 3.692346987335174786e+180
-6.137584641519005374e-02 6.908919755493905484e-310
-4.471440983336957831e-02 7.199496020026375368e+252
